115.002 64.131905179.802002
115.501 41.635273131.910675
116.001 30.757036105.233490
116.501 32.578747101.691246
117 86.662430
117.5 70.147293
118 78.362907
118.5 85.207527
119 77.702744
119.5 68.849564
120 67.268265
120.5 61.135899
121 45.369308
121.5 28.861963
122 47.061722
122.5 69.537415
123 76.168571
123.5 74.040817
124 73.639435
124.5 77.914902
125 75.940147
125.5 76.334549
126 79.712029
126.5 83.818031
127 84.917282
127.5 84.950371
128 83.935829
128.5 82.218506
129 84.083557
129.5 80.281158
130 74.253761
130.5 75.847694
131 80.161942
131.5 79.952248
132 78.024010
132.5 76.358887
133 75.222664
133.5 70.153854
134 69.139252
134.5 68.828400
135 70.513680
135.5 70.889450
136 68.256683
136.5 67.369926
137 68.334488
137.5 66.845787
138 65.646118
138.5 63.043907
139 57.464581
139.5 51.727757
140 51.638123
140.5 53.016109
141 56.261356
141.5 57.782391
142 55.628418
142.5 52.151321
143 52.059566
143.5 56.030888
144 55.218540
144.5 54.245895
145 53.339615
145.5 51.114182
146 51.116306
146.5 53.364700
147 54.569580
147.5 54.775818
148 54.436646
148.5 54.796371
149 55.404472
149.5 53.337784
150 49.071339
150.5 49.548946
151 51.993652
151.5 51.202408
152 51.640812
152.5 47.000557
153 41.938618
153.5 40.872444
154 38.723423
154.5 27.390661
155 25.436367
155.5 36.711403
156 39.077000
156.5 38.035110
157 39.420124
157.5 40.673119
158 39.914726
158.5 40.470734
159 40.370781
159.5 38.360912
160 37.727009
160.5 35.692619
161 33.187248
161.5 32.765545
162 32.249386
162.5 32.818359
163 32.777611
163.5 33.048889
164 33.044807
164.5 34.913635
165 36.738266
165.5 34.963200
166 33.424103
166.5 34.422012
167 33.295414
167.5 33.851238
168 37.084778
168.5 36.684086
169 34.897095
169.5 34.289528
170 33.613556
170.5 33.973125
171 34.270393
171.5 33.283947
172 30.466631
172.5 30.447886
173 32.417831
173.5 33.934410
174 33.787624
174.5 33.863075
175 33.122540
175.5 33.458340
176 33.823471
176.5 32.840515
177 32.740849
177.5 33.133659
178 32.895294
178.5 31.523764
179 28.651840
179.5 29.471903
180 30.697769
180.5 30.186916
181 30.067715
181.5 30.626698
182 31.414555
182.5 31.345531
183 31.124331
183.5 31.265133
184 30.104235
184.5 29.615738
185 29.209311
185.5 28.686716
186 28.717447
186.5 29.282413
187 28.509161
187.5 27.226856
188 27.336088
188.5 26.834608
189 26.554157
189.5 26.814453
190 26.994553
190.5 26.672199
191 25.929312
191.5 24.932613
192 24.151770
192.5 23.857803
193 25.075621
193.5 25.585064
194 25.512880
194.5 25.509493
195 25.282597
195.5 24.956957
196 24.169029
196.5 23.616026
197 23.080374
197.5 23.969954
198 24.299051
198.5 23.548044
199 22.663961
199.5 22.537642
200 22.759605
200.5 22.943035
201 22.437654
201.5 22.923765
202 22.566818
202.5 22.694973
203 22.594891
203.5 22.653690
204 22.678841
204.5 22.439014
205 22.398272
205.5 21.071911
206 19.692041
206.5 20.223734
207 21.244205
207.5 20.895672
208 20.568859
208.5 20.753059
209 20.768238
209.5 20.046516
210 19.765232
210.5 19.215921
211 19.300461
211.5 20.234818
212 19.870388
212.5 19.392368
213 19.306805
213.5 19.158978
214 19.526342
214.5 19.220222
215 18.723803
215.5 18.395657
216 18.317705
216.5 18.289053
217 17.712465
217.5 17.903021
218 17.928493
218.5 18.061028
219 17.915649
219.5 18.091932
220 17.597321
220.5 17.210056
221 16.815662
221.5 16.702831
222 16.363789
222.5 16.342178
223 16.479040
223.5 16.199802
224 15.964721
224.5 15.943511
225 15.973087
225.5 15.874268
226 15.796679
226.5 15.732259
227 15.548719
227.5 15.521976
228 15.455567
228.5 15.574055
229 15.888752
229.5 15.480504
230 14.761627
230.5 14.213152
231 14.762710
231.5 14.958247
232 15.005971
232.5 14.877272
233 14.958472
233.5 15.484849
234 15.202257
234.5 14.860731
235 14.630497
235.5 14.648830
236 15.000845
236.5 15.287478
237 15.147299
237.5 14.816542
238 14.590626
238.5 14.201163
239 13.585414
239.5 13.362177
240 13.586219
240.5 14.200870
241 14.116563
241.5 14.187052
242 14.284183
242.5 13.983757
243 14.186916
243.5 14.343793
244 14.112788
244.5 13.755800
245 13.890887
245.5 14.037315
246 13.879814
246.5 14.295817
247 14.095819
247.5 13.423907
248 13.493793
248.5 13.473615
249 13.289298
249.5 13.355533
250 13.470635
250.5 13.327949
251 13.211136
251.5 12.549574
252 12.567934
252.5 12.512714
253 13.045125
253.5 13.423721
254 12.931369
254.5 12.613271
255 12.932350
255.5 12.843961
256 12.723427
256.5 12.605470
257 12.614239
257.5 12.631711
258 11.003408
258.5 10.779988
259 11.779220
259.5 12.153422
260 12.251131
260.5 11.939261
261 12.200558
261.5 12.537869
262 12.291729
262.5 12.580055
263 12.291632
263.5 12.319071
264 12.282742
264.5 11.891155
265 11.907295
265.5 12.027767
266 12.150163
266.5 11.574048
267 11.417302
267.5 11.604774
268 11.396873
268.5 11.253456
269 11.491349
269.5 11.031239
270 10.761078
270.5 11.098680
271 11.439222
271.5 10.887998
272 10.908137
272.5 10.658556
273 10.662763
273.5 10.522114
274 10.290498
274.5 10.359046
275 10.570372
275.5 10.540690
276 10.527526
276.5 10.800475
277 10.449298
277.5 10.261609
278 10.048470
278.5 9.655764
279 9.735158
279.5 9.927313
280 9.483753
280.5 9.242266
281 9.526624
281.5 9.925543
282 10.034882
282.5 9.810055
283 9.363921
283.5 9.321168
284 9.602241
284.5 9.422405
285 9.459540
285.5 9.283315
286 9.226878
286.5 9.403942
287 9.262641
287.5 9.267987
288 9.246622
288.5 9.267075
289 9.282087
289.5 9.388605
290 9.365316
290.5 9.009614
291 8.961186
291.5 9.001642
292 8.941417
292.5 8.954116
293 8.912730
293.5 8.967319
294 8.755107
294.5 8.705148
295 8.685121
295.5 8.778163
296 8.794751
296.5 8.704057
297 8.826329
297.5 8.706993
298 8.671144
298.5 8.415255
299 8.263422
299.5 8.156643
300 8.259529
300.5 8.255378
301 8.310946
301.5 8.104469
302 8.111991
302.5 7.855338
303 7.688312
303.5 7.823802
304 7.656194
304.5 7.539006
305 7.491537
305.5 7.818552
306 7.852964
306.5 7.725424
307 7.582837
307.5 7.608283
308 7.590023
308.5 7.743467
309 7.642740
309.5 7.524016
310 7.496709
310.5 7.654686
311 7.597672
311.5 7.411123
312 7.332458
312.5 7.412077
313 7.479474
313.5 7.629660
314 7.594223
314.5 7.675559
315 7.695664
315.5 7.460481
316 7.077505
316.5 7.212498
317 7.171028
317.5 7.231513
318 6.941649
318.5 6.897880
319 6.909435
319.5 7.000394
320 6.836444
320.5 6.866449
321 6.891450
321.5 6.883723
322 6.848712
322.5 6.808105
323 6.815403
323.5 6.896111
324 6.931962
324.5 6.814557
325 6.618790
325.5 6.453895
326 6.383204
326.5 6.417828
327 6.405902
327.5 6.223991
328 6.025348
328.5 5.978713
329 6.038102
329.5 6.105685
330 6.090966
330.5 5.951617
331 5.830625
331.5 5.864068
332 5.975061
332.5 6.052459
333 6.061017
333.5 6.001891
334 5.945948
334.5 5.949544
335 5.941287
335.5 5.854568
336 5.769661
336.5 5.768596
337 5.793545
337.5 5.772685
338 5.718078
338.5 5.658770
339 5.607872
339.5 5.567931
340 5.515162
340.5 5.434171
341 5.369425
341.5 5.361516
342 5.375663
342.5 5.365664
343 5.314999
343.5 5.231898
344 5.193906
344.5 5.258392
345 5.332714
345.5 5.322072
346 5.273076
346.5 5.247588
347 5.227077
347.5 5.184284
348 5.137433
348.5 5.113780
349 5.131240
349.5 5.192427
350 5.248097
350.5 5.249017
351 5.233984
351.5 5.204985
352 5.214263
352.5 5.208269
353 5.149981
353.5 5.128026
354 5.099576
354.5 5.082090
355 5.046709
355.5 4.990070
356 4.958850
356.5 4.903082
357 4.837192
357.5 4.791422
358 4.746284
358.5 4.706326
359 4.672889
359.5 4.675636
360 4.654701
360.5 4.602899
361 4.722000
361.5 4.731930
362 4.721232
362.5 4.660798
363 4.594349
363.5 4.563799
364 4.582631
364.5 4.663242
365 4.689430
365.5 4.670171
366 4.652092
366.5 4.568780
367 4.571796
367.5 4.571488
368 4.525952
368.5 4.515226
369 4.476038
369.5 4.438798
370 4.379843
370.5 4.250410
371 4.252867
371.5 4.279961
372 4.244530
372.5 4.256682
373 4.236881
373.5 4.177470
374 4.328621
374.5 4.234580
375 3.971226
375.5 3.975804
376 4.094583
376.5 4.066711
377 3.847046
377.5 4.069523
378 4.367551
378.5 4.464131
379 4.308129
379.5 3.924467
380 3.910245
380.5 4.289580
381 4.485993
381.5 4.402803
382 4.297223
382.5 4.337879
383 4.030602
383.5 3.690389
384 3.998755
384.5 4.262897
385 4.297220
385.5 4.294210
386 4.249512
386.5 4.215694
387 4.180891
387.5 4.114959
388 3.930176
388.5 3.529706
389 3.391948
389.5 3.820857
390 4.052138
390.5 4.082934
391 4.024302
391.5 3.970863
392 3.894236
392.5 3.868313
393 3.804325
393.5 3.800340
394 3.912069
394.5 3.940056
395 3.879068
395.5 3.796173
396 3.619074
396.5 3.205872
397 2.939538
397.5 3.347288
398 3.604418
398.5 3.666036
399 3.680474
399.5 3.650365
400 3.609957
400.5 3.566877
401 3.547344
401.5 3.524203
402 3.422527
402.5 3.254195
403 3.349139
403.5 3.466274
404 3.478661
404.5 3.471686
405 3.479060
405.5 3.446397
406 3.409473
406.5 3.358595
407 3.257103
407.5 3.275728
408 3.280984
408.5 3.217010
409 3.143388
409.5 2.922381
410 2.580167
410.5 2.725138
411 3.047139
411.5 3.096366
412 3.097110
412.5 3.154619
413 3.169036
413.5 3.144145
414 3.080570
414.5 3.031252
415 3.052255
415.5 3.056781
416 3.062844
416.5 3.044852
417 3.013366
417.5 3.003065
418 2.987261
418.5 2.933322
419 2.903896
419.5 2.857404
420 2.791508
420.5 2.861176
421 2.903151
421.5 2.889888
422 2.882129
422.5 2.872687
423 2.861209
423.5 2.845856
424 2.844592
424.5 2.819978
425 2.787873
425.5 2.775260
426 2.758334
426.5 2.759374
427 2.747196
427.5 2.726089
428 2.729475
428.5 2.732354
429 2.729307
429.5 2.729086
430 2.721085
430.5 2.695602
431 2.689441
431.5 2.665627
432 2.647453
432.5 2.630283
433 2.555856
433.5 2.337124
434 2.078351
434.5 2.239759
435 2.464085
435.5 2.561625
436 2.590703
436.5 2.562072
437 2.551378
437.5 2.538481
438 2.509840
438.5 2.443811
439 2.426435
439.5 2.472776
440 2.474341
440.5 2.453790
441 2.418223
441.5 2.386108
442 2.343643
442.5 2.286526
443 2.262300
443.5 2.284734
444 2.316667
444.5 2.346486
445 2.356567
445.5 2.351800
446 2.342912
446.5 2.288798
447 2.147690
447.5 2.197188
448 2.276385
448.5 2.297863
449 2.302745
449.5 2.295157
450 2.282541
450.5 2.260535
451 2.231165
451.5 2.217782
452 2.243479
452.5 2.230242
453 2.197246
453.5 2.176526
454 2.110006
454.5 2.131759
455 2.178455
455.5 2.193279
456 2.194759
456.5 2.179631
457 2.168025
457.5 2.158021
458 2.156521
458.5 2.144668
459 2.127295
459.5 2.113983
460 2.110371
460.5 2.100893
461 2.115777
461.5 2.113995
462 2.104079
462.5 2.081575
463 2.046628
463.5 2.037228
464 2.035232
464.5 1.989615
465 1.955944
465.5 2.011688
466 2.044791
466.5 2.030337
467 2.011102
467.5 2.005546
468 1.946633
468.5 1.871869
469 1.915352
469.5 1.975508
470 1.969899
470.5 1.972119
471 1.943720
471.5 1.929907
472 1.928491
472.5 1.910281
473 1.920358
473.5 1.919759
474 1.918367
474.5 1.909747
475 1.897803
475.5 1.876648
476 1.865566
476.5 1.864982
477 1.867391
477.5 1.846382
478 1.831580
478.5 1.839038
479 1.835569
479.5 1.837627
480 1.824876
480.5 1.814034
481 1.816770
481.5 1.800140
482 1.787754
482.5 1.779593
483 1.782073
483.5 1.790881
484 1.782617
484.5 1.753371
485 1.695905
485.5 1.554173
486 1.375898
486.5 1.447682
487 1.596848
487.5 1.630112
488 1.637928
488.5 1.654759
489 1.680660
489.5 1.682654
490 1.683663
490.5 1.676329
491 1.682287
491.5 1.667402
492 1.606461
492.5 1.616511
493 1.662570
493.5 1.658383
494 1.653233
494.5 1.665190
495 1.651980
495.5 1.630723
496 1.628090
496.5 1.617963
497 1.604657
497.5 1.590060
498 1.592771
498.5 1.597021
499 1.591578
499.5 1.583814
500 1.575940
500.5 1.570900
501 1.545692
501.5 1.496338
502 1.522195
502.5 1.532452
503 1.529720
503.5 1.524303
504 1.527572
504.5 1.516087
505 1.505078
505.5 1.497329
506 1.477790
506.5 1.476387
507 1.473745
507.5 1.464806
508 1.472051
508.5 1.483326
509 1.474119
509.5 1.457052
510 1.457422
510.5 1.439444
511 1.430522
511.5 1.432641
512 1.422682
512.5 1.417745
513 1.413179
513.5 1.411272
514 1.408279
514.5 1.410716
515 1.402344
515.5 1.385631
516 1.381225
516.5 1.371202
517 1.361934
517.5 1.365792
518 1.363581
518.5 1.358028
519 1.352919
519.5 1.351179
520 1.343198
520.5 1.336009
521 1.332262
521.5 1.330103
522 1.315433
522.5 1.311782
523 1.312792
523.5 1.297938
524 1.282187
524.5 1.277460
525 1.281575
525.5 1.278141
526 1.272724
526.5 1.266587
527 1.263827
527.5 1.259104
528 1.243382
528.5 1.236923
529 1.232834
529.5 1.229504
530 1.232964
530.5 1.227909
531 1.222402
531.5 1.210829
532 1.202054
532.5 1.208756
533 1.206161
533.5 1.192307
534 1.184444
534.5 1.183108
535 1.185528
535.5 1.181420
536 1.165991
536.5 1.158150
537 1.159809
537.5 1.157428
538 1.155017
538.5 1.142223
539 1.139654
539.5 1.140437
540 1.131816
540.5 1.103611
541 1.054195
541.5 1.072244
542 1.108262
542.5 1.115253
543 1.117436
543.5 1.111705
544 1.103192
544.5 1.092103
545 1.083400
545.5 1.078562
546 1.072725
546.5 1.072022
547 1.076849
547.5 1.069530
548 1.055406
548.5 1.049201
549 1.049281
549.5 1.054172
550 1.055655
550.5 1.045919
551 1.039036
551.5 1.040257
552 1.031872
552.5 1.021680
553 1.011314
553.5 1.003216
554 0.998245
554.5 1.000596
555 1.004819
555.5 0.998975
556 1.002320
556.5 0.999565
557 0.993181
557.5 0.988456
558 0.982937
558.5 0.981464
559 0.966224
559.5 0.957050
560 0.968625
560.5 0.970218
561 0.968613
561.5 0.958487
562 0.949852
562.5 0.944739
563 0.939733
563.5 0.941763
564 0.942248
564.5 0.935902
565 0.928721
565.5 0.923778
566 0.918533
566.5 0.913051
567 0.910034
567.5 0.910592
568 0.906362
568.5 0.906944
569 0.903591
569.5 0.903819
570 0.890318
570.5 0.878146
571 0.885744
571.5 0.888298
572 0.881296
572.5 0.875717
573 0.874756
573.5 0.872643
574 0.867897
574.5 0.859146
575 0.857984
575.5 0.856079
576 0.857593
576.5 0.855564
577 0.841898
577.5 0.823873
578 0.790913
578.5 0.805957
579 0.816161
579.5 0.809843
580 0.798672
580.5 0.801118
581 0.803660
581.5 0.806906
582 0.820881
582.5 0.821514
583 0.817870
583.5 0.808640
584 0.803573
584.5 0.803883
585 0.805761
585.5 0.804031
586 0.813307
586.5 0.806478
587 0.776745
587.5 0.730833
588 0.768269
588.5 0.760927
589 0.698470
589.5 0.702944
590 0.747450
590.5 0.784313
591 0.779193
591.5 0.775716
592 0.773962
592.5 0.774147
593 0.771140
593.5 0.763542
594 0.757722
594.5 0.755697
595 0.750215
595.5 0.745311
596 0.748624
596.5 0.748975
597 0.745763
597.5 0.741252
598 0.737736
598.5 0.735359
599 0.731981
599.5 0.731336
600 0.725824
600.5 0.722125
601 0.719495
601.5 0.716964
602 0.716537
602.5 0.717149
603 0.714191
603.5 0.709725
604 0.705138
604.5 0.706542
605 0.705847
605.5 0.703966
606 0.704090
606.5 0.701020
607 0.697391
607.5 0.697092
608 0.694597
608.5 0.692310
609 0.692513
609.5 0.688274
610 0.683275
610.5 0.683862
611 0.683404
611.5 0.685086
612 0.677410
612.5 0.675155
613 0.673271
613.5 0.673294
614 0.670911
614.5 0.669259
615 0.668983
615.5 0.667005
616 0.660839
616.5 0.656119
617 0.653019
617.5 0.651802
618 0.650735
618.5 0.647560
619 0.646502
619.5 0.645943
620 0.642185
620.5 0.641690
621 0.647265
621.5 0.645164
622 0.641645
622.5 0.639545
623 0.637263
623.5 0.637013
624 0.637123
624.5 0.639786
625 0.638538
625.5 0.636039
626 0.634863
626.5 0.627846
627 0.618575
627.5 0.599606
628 0.582565
628.5 0.589735
629 0.606703
629.5 0.608195
630 0.605265
630.5 0.604396
631 0.602261
631.5 0.601223
632 0.603305
632.5 0.603794
633 0.603713
633.5 0.600707
634 0.596934
634.5 0.592750
635 0.594970
635.5 0.593178
636 0.589604
636.5 0.586551
637 0.585945
637.5 0.581032
638 0.577572
638.5 0.578709
639 0.579047
639.5 0.577496
640 0.574153
640.5 0.571437
641 0.570616
641.5 0.571765
642 0.571806
642.5 0.570180
643 0.568521
643.5 0.565435
644 0.562871
644.5 0.558700
645 0.556580
645.5 0.556803
646 0.557245
646.5 0.553707
647 0.553627
647.5 0.549706
648 0.550707
648.5 0.547187
649 0.545655
649.5 0.547265
650 0.552553
650.5 0.551908
651 0.549479
651.5 0.544903
652 0.544772
652.5 0.541674
653 0.540200
653.5 0.539130
654 0.537618
654.5 0.532934
655 0.521770
655.5 0.490327
656 0.436110
656.5 0.443542
657 0.494271
657.5 0.518602
658 0.525727
658.5 0.528427
659 0.530187
659.5 0.528427
660 0.526748
660.5 0.526542
661 0.521413
661.5 0.518700
662 0.519706
662.5 0.519829
663 0.516714
663.5 0.513070
664 0.510028
664.5 0.508489
665 0.507205
665.5 0.503246
666 0.499518
666.5 0.496806
667 0.492215
667.5 0.473122
668 0.469318
668.5 0.484168
669 0.489698
669.5 0.491568
670 0.488504
670.5 0.489797
671 0.488128
671.5 0.487853
672 0.489084
672.5 0.488453
673 0.484324
673.5 0.479374
674 0.477744
674.5 0.479497
675 0.476523
675.5 0.475423
676 0.475500
676.5 0.473880
677 0.469518
677.5 0.467821
678 0.468487
678.5 0.466161
679 0.465169
679.5 0.463914
680 0.462208
680.5 0.465468
681 0.462614
681.5 0.461581
682 0.458949
682.5 0.456775
683 0.457285
683.5 0.454496
684 0.454657
684.5 0.453506
685 0.452356
685.5 0.451206
686 0.450056
686.5 0.448906
687 0.447756
687.5 0.446605
688 0.445455
688.5 0.444305
689 0.443155
689.5 0.442005
690 0.440855
690.5 0.439704
691 0.438554
691.5 0.437404
692 0.436254
692.5 0.435104
693 0.433954
693.5 0.432803
694 0.431653
694.5 0.430503
695 0.429353
695.5 0.428203
696 0.427053
696.5 0.425902
697 0.424752
697.5 0.430830
698 0.429013
698.5 0.422128
699 0.418498
699.5 0.420384
700 0.418524
700.5 0.417786
701 0.416939
701.5 0.414836
702 0.413312
702.5 0.409925
703 0.412177
703.5 0.413997
704 0.412579
704.5 0.409559
705 0.409128
705.5 0.407570
706 0.397010
706.5 0.382226
707 0.399977
707.5 0.406076
708 0.404778
708.5 0.405205
709 0.404854
709.5 0.403322
710 0.399831
710.5 0.397542
711 0.398030
711.5 0.399444
712 0.401816
712.5 0.403262
713 0.402565
713.5 0.403909
714 0.400276
714.5 0.395834
715 0.397244
715.5 0.396145
716 0.392052
716.5 0.385893
717 0.373471
717.5 0.365421
718 0.363590
718.5 0.356508
719 0.362558
719.5 0.367817
720 0.365706
720.5 0.371907
721 0.386366
721.5 0.391191
722 0.391309
722.5 0.385865
723 0.375056
723.5 0.367391
724 0.366488
724.5 0.366492
725 0.366739
725.5 0.367278
726 0.368353
726.5 0.365343
727 0.365604
727.5 0.356210
728 0.357530
728.5 0.360256
729 0.355978
729.5 0.361660
730 0.360646
730.5 0.355349
731 0.357973
731.5 0.357508
732 0.359190
732.5 0.360422
733 0.357266
733.5 0.356870
734 0.355482
734.5 0.353674
735 0.353199
735.5 0.353012
736 0.349685
736.5 0.349088
737 0.348498
737.5 0.346757
738 0.345748
738.5 0.345634
739 0.343586
739.5 0.341850
740 0.340292
740.5 0.335842
741 0.335187
741.5 0.339228
742 0.342152
742.5 0.331381
743 0.330664
743.5 0.329590
744 0.330021
744.5 0.328749
745 0.327015
745.5 0.326905
746 0.325363
746.5 0.326838
747 0.325365
747.5 0.323524
748 0.322129
748.5 0.321597
749 0.320363
749.5 0.317458
750 0.319729
750.5 0.318015
751 0.318030
751.5 0.315999
752 0.315510
752.5 0.315737
753 0.316139
753.5 0.315015
754 0.313748
754.5 0.310408
755 0.310436
755.5 0.309678
756 0.308919
756.5 0.308161
757 0.307402
757.5 0.306644
758 0.305885
758.5 0.305127
759 0.304368
759.5 0.303610
760 0.302851
760.5 0.302093
761 0.301334
761.5 0.300576
762 0.299817
762.5 0.299059
763 0.298300
763.5 0.297542
764 0.296783
764.5 0.296025
765 0.295266
765.5 0.294508
766 0.293749
766.5 0.292991
767 0.292232
767.5 0.291474
768 0.290715
768.5 0.289957
769 0.289198
769.5 0.288440
770 0.287681
770.5 0.286923
771 0.286164
771.5 0.285406
772 0.284647
772.5 0.283889
773 0.283130
773.5 0.281912
774 0.281746
774.5 0.281207
775 0.280224
775.5 0.281088
776 0.278510
776.5 0.278009
777 0.277399
777.5 0.278442
778 0.276321
778.5 0.275995
779 0.274589
779.5 0.273702
780 0.272630
780.5 0.271199
781 0.271911
781.5 0.270441
782 0.268903
782.5 0.269377
783 0.268464
783.5 0.267993
784 0.268178
784.5 0.267651
785 0.267129
785.5 0.266469
786 0.268362
786.5 0.264119
787 0.263792
787.5 0.262120
788 0.264180
788.5 0.262134
789 0.260842
789.5 0.260066
790 0.260526
790.5 0.260637
791 0.258913
791.5 0.257290
792 0.257336
792.5 0.258628
793 0.257915
793.5 0.255037
794 0.256432
794.5 0.255809
795 0.256588
795.5 0.253762
796 0.251889
796.5 0.253195
797 0.252636
797.5 0.251841
798 0.250334
798.5 0.251251
799 0.250548
799.5 0.249664
800 0.248071
800.5 0.248028
801 0.247722
801.5 0.247813
802 0.246291
802.5 0.246112
803 0.246340
803.5 0.247715
804 0.246887
804.5 0.247105
805 0.246382
805.5 0.245868
806 0.244669
806.5 0.244219
807 0.243179
807.5 0.242003
808 0.241519
808.5 0.242189
809 0.238217
809.5 0.237276
810 0.236166
810.5 0.235890
811 0.235504
811.5 0.235171
812 0.236453
812.5 0.236671
813 0.237140
813.5 0.236853
814 0.235884
814.5 0.233789
815 0.230450
815.5 0.227321
816 0.223433
816.5 0.222958
817 0.226917
817.5 0.227291
818 0.228285
818.5 0.230878
819 0.229592
819.5 0.228547
820 0.228786
820.5 0.228355
821 0.227146
821.5 0.224847
822 0.222287
822.5 0.216548
823 0.214006
823.5 0.220089
824 0.222778
824.5 0.222738
825 0.223572
825.5 0.220937
826 0.219930
826.5 0.219085
827 0.217463
827.5 0.215581
828 0.214881
828.5 0.214559
829 0.214136
829.5 0.214747
830 0.215400
830.5 0.214802
831 0.214383
831.5 0.213069
832 0.211583
832.5 0.212686
833 0.210649
833.5 0.208179
834 0.208023
834.5 0.208240
835 0.207419
835.5 0.206291
836 0.206081
836.5 0.206156
837 0.205156
837.5 0.204811
838 0.203897
838.5 0.204458
839 0.204768
839.5 0.206445
840 0.205428
840.5 0.205673
841 0.207196
841.5 0.207437
842 0.205388
842.5 0.203217
843 0.202727
843.5 0.200282
844 0.198796
844.5 0.198433
845 0.198332
845.5 0.199264
846 0.199205
846.5 0.197800
847 0.196332
847.5 0.195597
848 0.195732
848.5 0.195486
849 0.196883
849.5 0.197542
850 0.198104
850.5 0.197666
851 0.197200
851.5 0.196312
852 0.195464
852.5 0.195393
853 0.195074
853.5 0.193740
854 0.193594
854.5 0.194055
855 0.192682
855.5 0.192058
856 0.191612
856.5 0.191785
857 0.190536
857.5 0.189383
858 0.187209
858.5 0.185666
859 0.183714
859.5 0.181666
860 0.180841
860.5 0.181674
861 0.183916
861.5 0.186792
862 0.186443
862.5 0.187061
863 0.186624
863.5 0.185755
864 0.184000
864.5 0.182723
865 0.180546
865.5 0.179420
866 0.177619
866.5 0.176717
867 0.177200
867.5 0.178788
868 0.180068
868.5 0.181238
869 0.181462
869.5 0.182053
870 0.182862
870.5 0.183056
871 0.181831
871.5 0.181699
872 0.181171
872.5 0.180401
873 0.179533
873.5 0.178452
874 0.178373
874.5 0.176061
875 0.174009
875.5 0.173528
876 0.174346
876.5 0.174052
877 0.173720
877.5 0.172094
878 0.171407
878.5 0.173491
879 0.174114
879.5 0.175925
880 0.176131
880.5 0.177771
881 0.178166
881.5 0.176389
882 0.175244
882.5 0.172481
883 0.170322
883.5 0.168269
884 0.166892
884.5 0.164711
885 0.163300
885.5 0.163631
886 0.163950
886.5 0.162362
887 0.164468
887.5 0.166124
888 0.165427
888.5 0.167251
889 0.166339
889.5 0.166067
890 0.166513
890.5 0.166938
891 0.167977
891.5 0.168384
892 0.167244
892.5 0.167654
893 0.165298
893.5 0.163371
894 0.163565
894.5 0.164475
895 0.164330
895.5 0.164660
896 0.164974
896.5 0.161626
897 0.159167
897.5 0.156599
898 0.153500
898.5 0.150612
899 0.148396
899.5 0.150899
900 0.149754
900.5 0.149959
901 0.150193
901.5 0.148422
902 0.150559
902.5 0.150791
903 0.156867
903.5 0.158598
904 0.159559
904.5 0.160934
905 0.161859
905.5 0.162712
906 0.160713
906.5 0.157329
907 0.154123
907.5 0.152847
908 0.151932
908.5 0.150898
909 0.151097
909.5 0.151759
910 0.153470
910.5 0.155002
911 0.154861
911.5 0.154628
912 0.155497
912.5 0.155653
913 0.152615
913.5 0.152248
914 0.154293
914.5 0.154363
915 0.151737
915.5 0.148959
916 0.149773
916.5 0.150278
917 0.149136
917.5 0.145441
918 0.145987
918.5 0.147233
919 0.150070
919.5 0.148896
920 0.148180
920.5 0.147938
921 0.145196
921.5 0.142338
922 0.138642
922.5 0.137217
923 0.135270
923.5 0.137860
924 0.139337
924.5 0.138868
925 0.139221
925.5 0.143556
926 0.144514
926.5 0.145596
927 0.147255
927.5 0.150952
928 0.151327
928.5 0.149545
929 0.147892
929.5 0.144266
930 0.139718
930.5 0.139188
931 0.136696
931.5 0.131684
932 0.132901
932.5 0.130578
933 0.131990
933.5 0.124868
934 0.120347
934.5 0.121008
935 0.128194
935.5 0.125310
936 0.133107
936.5 0.133146
937 0.133656
937.5 0.138244
938 0.138345
938.5 0.142978
939 0.149342
939.5 0.151265
940 0.146931
940.5 0.142753
941 0.136347
941.5 0.133856
942 0.129190
942.5 0.124257
943 0.124013
943.5 0.126629
944 0.123487
944.5 0.128221
945 0.136588
945.5 0.132509
946 0.131067
946.5 0.135667
947 0.132081
947.5 0.131949
948 0.129505
948.5 0.133673
949 0.134725
949.5 0.129329
950 0.128296
950.5 0.133663
951 0.134387
951.5 0.126200
952 0.123549
952.5 0.121631
953 0.118332
953.5 0.122159
954 0.117010
954.5 0.118020
955 0.120844
955.5 0.119386
956 0.124569
956.5 0.127350
957 0.131608
957.5 0.129825
958 0.129078
958.5 0.129917
959 0.129750
959.5 0.129869
960 0.127250
960.5 0.129395
961 0.129883
961.5 0.125889
962 0.123793
962.5 0.122097
963 0.125510
963.5 0.130678
964 0.123938
964.5 0.125219
965 0.125116
965.5 0.131156
966 0.125904
966.5 0.122762
967 0.121883
967.5 0.124377
968 0.123500
968.5 0.119707
969 0.121075
969.5 0.120747
970 0.122421
970.5 0.123420
971 0.122223
971.5 0.118083
972 0.123849
972.5 0.121528
973 0.123192
973.5 0.119076
974 0.119751
974.5 0.120820
975 0.122050
975.5 0.119777
976 0.119942
976.5 0.121226
977 0.119395
977.5 0.116264
978 0.113748
978.5 0.111839
979 0.117743
979.5 0.120455
980 0.117256
980.5 0.119882
981 0.116877
981.5 0.116169
982 0.116745
982.5 0.114142
983 0.116852
983.5 0.117466
984 0.115863
984.5 0.115726
985 0.114678
985.5 0.116396
986 0.117107
986.5 0.114929
987 0.112779
987.5 0.115458
988 0.111722
988.5 0.115487
989 0.111379
989.5 0.112776
990 0.114079
990.5 0.111718
991 0.110904
991.5 0.111130
992 0.111044
992.5 0.113412
993 0.110320
993.5 0.110220
994 0.106491
994.5 0.110058
995 0.107771
995.5 0.107095
996 0.111378
996.5 0.108505
997 0.111322
997.5 0.106010
998 0.112711
998.5 0.113279
999 0.115336
999.5 0.108018
1000 0.113873
1000.5 0.110378
1001 0.112801
1001.5 0.111755
1002 0.113268
1002.5 0.100607
1003 0.107089
1003.5 0.099649
1004 0.095828
1004.5 0.090112
1005 0.097663
1005.5 0.103776
1006 0.099869
1006.5 0.100252
1007 0.101291
1007.5 0.105513
1008 0.105647
1008.5 0.105553
1009 0.103703
1009.5 0.097551
1010 0.103978
1010.5 0.105324
1011 0.099488
1011.5 0.099061
1012 0.107413
1012.5 0.103952
1013 0.100140
1013.5 0.100131
1014 0.103740
1014.5 0.103952
1015 0.104004
1015.5 0.104131
1016 0.104566
1016.5 0.105457
1017 0.106610
1017.5 0.107743
1018 0.108575
1018.5 0.108877
1019 0.108631
1019.5 0.107872
1020 0.106633
1020.5 0.105010
1021 0.103327
1021.5 0.101969
1022 0.101323
1022.5 0.101594
1023 0.102275
1023.5 0.102681
1024 0.102127
1024.5 0.100199
1025 0.097565
1025.5 0.095168
1026 0.093947
1026.5 0.094533
1027 0.096322
1027.5 0.098395
1028 0.099839
1028.5 0.099980
1029 0.099124
1029.5 0.097822
1030 0.096622
1030.5 0.097273
1031 0.097147
1031.5 0.097270
1032 0.097604
1032.5 0.098085
1033 0.098543
1033.5 0.098781
1034 0.098602
1034.5 0.097902
1035 0.096930
1035.5 0.096028
1036 0.095537
1036.5 0.095678
1037 0.096189
1037.5 0.096689
1038 0.096794
1038.5 0.096245
1039 0.095272
1039.5 0.094225
1040 0.093455
1040.5 0.093212
1041 0.093340
1041.5 0.093582
1042 0.093682
1042.5 0.093459
1043 0.093040
1043.5 0.092629
1044 0.092429
1044.5 0.092598
1045 0.093104
1045.5 0.093867
1046 0.094810
1046.5 0.095817
1047 0.096632
1047.5 0.096962
1048 0.096513
1048.5 0.095133
1049 0.093232
1049.5 0.091360
1050 0.090068
1050.5 0.089742
1051 0.090104
1051.5 0.090711
1052 0.091122
1052.5 0.091024
1053 0.090632
1053.5 0.090291
1054 0.090345
1054.5 0.091007
1055 0.091951
1055.5 0.092719
1056 0.092851
1056.5 0.092048
1057 0.090659
1057.5 0.089193
1058 0.088156
1058.5 0.087917
1059 0.088280
1059.5 0.088907
1060 0.089463
1060.5 0.089683
1061 0.089597
1061.5 0.089306
1062 0.088913
1062.5 0.087945
1063 0.087788
1063.5 0.087632
1064 0.087475
1064.5 0.087320
1065 0.087164
1065.5 0.087009
1066 0.086854
1066.5 0.086699
1067 0.086545
1067.5 0.086391
1068 0.086237
1068.5 0.086083
1069 0.085930
1069.5 0.085777
1070 0.085624
1070.5 0.085472
1071 0.085319
1071.5 0.085167
1072 0.085016
1072.5 0.084864
1073 0.084713
1073.5 0.084562
1074 0.084412
1074.5 0.084262
1075 0.084112
1075.5 0.083962
1076 0.083812
1076.5 0.083663
1077 0.083514
1077.5 0.083365
1078 0.083217
1078.5 0.083069
1079 0.082921
1079.5 0.082774
1080 0.082626
1080.5 0.082479
1081 0.082332
1081.5 0.082186
1082 0.082040
1082.5 0.081894
1083 0.081748
1083.5 0.081602
1084 0.081457
1084.5 0.081312
1085 0.081168
1085.5 0.081023
1086 0.080879
1086.5 0.080735
1087 0.080592
1087.5 0.080448
1088 0.080305
1088.5 0.080162
1089 0.080020
1089.5 0.079878
1090 0.079736
1090.5 0.079594
1091 0.079452
1091.5 0.079311
1092 0.079170
1092.5 0.079029
1093 0.078889
1093.5 0.078749
1094 0.078609
1094.5 0.078469
1095 0.078329
1095.5 0.078190
1096 0.078051
1096.5 0.077913
1097 0.077774
1097.5 0.077636
1098 0.077498
1098.5 0.077360
1099 0.077223
1099.5 0.077086
1100 0.076949
1100.5 0.076812
1101 0.076676
1101.5 0.076540
1102 0.076404
1102.5 0.076268
1103 0.076133
1103.5 0.075998
1104 0.075863
1104.5 0.075728
1105 0.075594
1105.5 0.075460
1106 0.075326
1106.5 0.075192
1107 0.075059
1107.5 0.074925
1108 0.074793
1108.5 0.074660
1109 0.074527
1109.5 0.074395
1110 0.074263
1110.5 0.074132
1111 0.074000
1111.5 0.073869
1112 0.073738
1112.5 0.073607
1113 0.073477
1113.5 0.073347
1114 0.073217
1114.5 0.073087
1115 0.072957
1115.5 0.072828
1116 0.072699
1116.5 0.072570
1117 0.072442
1117.5 0.072313
1118 0.072185
1118.5 0.072058
1119 0.071930
1119.5 0.071803
1120 0.071676
1120.5 0.071549
1121 0.071422
1121.5 0.071296
1122 0.071169
1122.5 0.071043
1123 0.070918
1123.5 0.070792
1124 0.070667
1124.5 0.070542
1125 0.070417
1125.5 0.070293
1126 0.070168
1126.5 0.070044
1127 0.069921
1127.5 0.069797
1128 0.069674
1128.5 0.069550
1129 0.069427
1129.5 0.069305
1130 0.069182
1130.5 0.069060
1131 0.068938
1131.5 0.068816
1132 0.068695
1132.5 0.068573
1133 0.068452
1133.5 0.068331
1134 0.068211
1134.5 0.068090
1135 0.067970
1135.5 0.067850
1136 0.067731
1136.5 0.067611
1137 0.067492
1137.5 0.067373
1138 0.067254
1138.5 0.067135
1139 0.067017
1139.5 0.066899
1140 0.066781
1140.5 0.066663
1141 0.066545
1141.5 0.066428
1142 0.066311
1142.5 0.066194
1143 0.066078
1143.5 0.065961
1144 0.065845
1144.5 0.065729
1145 0.065613
1145.5 0.065498
1146 0.065382
1146.5 0.065267
1147 0.065152
1147.5 0.065038
1148 0.064923
1148.5 0.064809
1149 0.064695
1149.5 0.064581
1150 0.064467
1150.5 0.064354
1151 0.064241
1151.5 0.064128
1152 0.064015
1152.5 0.063902
1153 0.063790
1153.5 0.063678
1154 0.063566
1154.5 0.063454
1155 0.063343
1155.5 0.063232
1156 0.063121
1156.5 0.063010
1157 0.062899
1157.5 0.062789
1158 0.062678
1158.5 0.062568
1159 0.062458
1159.5 0.062349
1160 0.062239
1160.5 0.062130
1161 0.062021
1161.5 0.061912
1162 0.061804
1162.5 0.061695
1163 0.061587
1163.5 0.061479
1164 0.061371
1164.5 0.061264
1165 0.061156
1165.5 0.061049
1166 0.060942
1166.5 0.060835
1167 0.060729
1167.5 0.060622
1168 0.060516
1168.5 0.060410
1169 0.060304
1169.5 0.060199
1170 0.060093
1170.5 0.059988
1171 0.059883
1171.5 0.059778
1172 0.059674
1172.5 0.059569
1173 0.059465
1173.5 0.059361
1174 0.059257
1174.5 0.059154
1175 0.059050
1175.5 0.058947
1176 0.058844
1176.5 0.058741
1177 0.058639
1177.5 0.058536
1178 0.058434
1178.5 0.058332
1179 0.058230
1179.5 0.058128
1180 0.058027
1180.5 0.057925
1181 0.057824
1181.5 0.057723
1182 0.057622
1182.5 0.057522
1183 0.057421
1183.5 0.057321
1184 0.057221
1184.5 0.057121
1185 0.057022
1185.5 0.056922
1186 0.056823
1186.5 0.056724
1187 0.056625
1187.5 0.056526
1188 0.056428
1188.5 0.056330
1189 0.056231
1189.5 0.056133
1190 0.056036
1190.5 0.055938
1191 0.055841
1191.5 0.055743
1192 0.055646
1192.5 0.055549
1193 0.055453
1193.5 0.055356
1194 0.055260
1194.5 0.055164
1195 0.055068
1195.5 0.054972
1196 0.054876
1196.5 0.054781
1197 0.054685
1197.5 0.054590
1198 0.054495
1198.5 0.054401
1199 0.054306
1199.5 0.054212
1200 0.054117
1200.5 0.054023
1201 0.053929
1201.5 0.053836
1202 0.053742
1202.5 0.053649
1203 0.053556
1203.5 0.053463
1204 0.053370
1204.5 0.053277
1205 0.053184
1205.5 0.053092
1206 0.053000
1206.5 0.052908
1207 0.052816
1207.5 0.052724
1208 0.052633
1208.5 0.052542
1209 0.052450
1209.5 0.052359
1210 0.052269
1210.5 0.052178
1211 0.052087
1211.5 0.051997
1212 0.051907
1212.5 0.051817
1213 0.051727
1213.5 0.051637
1214 0.051548
1214.5 0.051459
1215 0.051369
1215.5 0.051280
1216 0.051192
1216.5 0.051103
1217 0.051014
1217.5 0.050926
1218 0.050838
1218.5 0.050750
1219 0.050662
1219.5 0.050574
1220 0.050486
1220.5 0.050399
1221 0.050312
1221.5 0.050225
1222 0.050138
1222.5 0.050051
1223 0.049964
1223.5 0.049878
1224 0.049791
1224.5 0.049705
1225 0.049619
1225.5 0.049533
1226 0.049448
1226.5 0.049362
1227 0.049277
1227.5 0.049192
1228 0.049107
1228.5 0.049022
1229 0.048937
1229.5 0.048852
1230 0.048768
1230.5 0.048684
1231 0.048599
1231.5 0.048515
1232 0.048432
1232.5 0.048348
1233 0.048264
1233.5 0.048181
1234 0.048098
1234.5 0.048015
1235 0.047932
1235.5 0.047849
1236 0.047766
1236.5 0.047684
1237 0.047602
1237.5 0.047519
1238 0.047437
1238.5 0.047356
1239 0.047274
1239.5 0.047192
1240 0.047111
1240.5 0.047030
1241 0.046949
1241.5 0.046868
1242 0.046787
1242.5 0.046706
1243 0.046626
1243.5 0.046545
1244 0.046465
1244.5 0.046385
1245 0.046305
1245.5 0.046226
1246 0.046146
1246.5 0.046066
1247 0.045987
1247.5 0.045908
1248 0.045829
1248.5 0.045750
1249 0.045671
1249.5 0.045593
1250 0.045514
1250.5 0.045436
1251 0.045358
1251.5 0.045280
1252 0.045202
1252.5 0.045125
1253 0.045047
1253.5 0.044970
1254 0.044893
1254.5 0.044815
1255 0.044738
1255.5 0.044662
1256 0.044585
1256.5 0.044509
1257 0.044432
1257.5 0.044356
1258 0.044280
1258.5 0.044204
1259 0.044128
1259.5 0.044053
1260 0.043977
1260.5 0.043902
1261 0.043826
1261.5 0.043751
1262 0.043677
1262.5 0.043602
1263 0.043527
1263.5 0.043453
1264 0.043378
1264.5 0.043304
1265 0.043230
1265.5 0.043156
1266 0.043082
1266.5 0.043009
1267 0.042935
1267.5 0.042862
1268 0.042789
1268.5 0.042716
1269 0.042643
1269.5 0.042570
1270 0.042497
1270.5 0.042425
1271 0.042352
1271.5 0.042280
1272 0.042208
1272.5 0.042136
1273 0.042064
1273.5 0.041993
1274 0.041921
1274.5 0.041850
1275 0.041779
1275.5 0.041707
1276 0.041636
1276.5 0.041566
1277 0.041495
1277.5 0.041424
1278 0.041354
1278.5 0.041284
1279 0.041214
1279.5 0.041144
1280 0.041074
1280.5 0.041004
1281 0.040934
1281.5 0.040865
1282 0.040796
1282.5 0.040726
1283 0.040657
1283.5 0.040589
1284 0.040520
1284.5 0.040451
1285 0.040383
1285.5 0.040314
1286 0.040246
1286.5 0.040178
1287 0.040110
1287.5 0.040042
1288 0.039974
1288.5 0.039907
1289 0.039839
1289.5 0.039772
1290 0.039705
1290.5 0.039638
1291 0.039571
1291.5 0.039504
1292 0.039438
1292.5 0.039371
1293 0.039305
1293.5 0.039239
1294 0.039173
1294.5 0.039107
1295 0.039041
1295.5 0.038975
1296 0.038910
1296.5 0.038844
1297 0.038779
1297.5 0.038714
1298 0.038649
1298.5 0.038584
1299 0.038519
1299.5 0.038454
1300 0.038390
1300.5 0.038326
1301 0.038261
1301.5 0.038197
1302 0.038133
1302.5 0.038069
1303 0.038006
1303.5 0.037942
1304 0.037878
1304.5 0.037815
1305 0.037752
1305.5 0.037689
1306 0.037626
1306.5 0.037563
1307 0.037500
1307.5 0.037438
1308 0.037375
1308.5 0.037313
1309 0.037251
1309.5 0.037189
1310 0.037127
1310.5 0.037065
1311 0.037003
1311.5 0.036942
1312 0.036880
1312.5 0.036819
1313 0.036758
1313.5 0.036697
1314 0.036636
1314.5 0.036575
1315 0.036514
1315.5 0.036454
1316 0.036393
1316.5 0.036333
1317 0.036273
1317.5 0.036213
1318 0.036153
1318.5 0.036093
1319 0.036033
1319.5 0.035974
1320 0.035915
1320.5 0.035855
1321 0.035796
1321.5 0.035737
1322 0.035678
1322.5 0.035619
1323 0.035560
1323.5 0.035502
1324 0.035443
1324.5 0.035385
1325 0.035327
1325.5 0.035269
1326 0.035211
1326.5 0.035153
1327 0.035095
1327.5 0.035038
1328 0.034980
1328.5 0.034923
1329 0.034866
1329.5 0.034809
1330 0.034752
1330.5 0.034695
1331 0.034638
1331.5 0.034581
1332 0.034525
1332.5 0.034468
1333 0.034412
1333.5 0.034356
1334 0.034300
1334.5 0.034244
1335 0.034188
1335.5 0.034132
1336 0.034077
1336.5 0.034021
1337 0.033966
1337.5 0.033911
1338 0.033856
1338.5 0.033801
1339 0.033746
1339.5 0.033691
1340 0.033637
1340.5 0.033582
1341 0.033528
1341.5 0.033473
1342 0.033419
1342.5 0.033365
1343 0.033311
1343.5 0.033257
1344 0.033204
1344.5 0.033150
1345 0.033097
1345.5 0.033043
1346 0.032990
1346.5 0.032937
1347 0.032884
1347.5 0.032831
1348 0.032778
1348.5 0.032725
1349 0.032673
1349.5 0.032620
1350 0.032568
1350.5 0.032516
1351 0.032464
1351.5 0.032412
1352 0.032360
1352.5 0.032308
1353 0.032256
1353.5 0.032205
1354 0.032153
1354.5 0.032102
1355 0.032051
1355.5 0.032000
1356 0.031949
1356.5 0.031898
1357 0.031847
1357.5 0.031797
1358 0.031746
1358.5 0.031696
1359 0.031645
1359.5 0.031595
1360 0.031545
1360.5 0.031495
1361 0.031445
1361.5 0.031395
1362 0.031346
1362.5 0.031296
1363 0.031247
1363.5 0.031197
1364 0.031148
1364.5 0.031099
1365 0.031050
1365.5 0.031001
1366 0.030952
1366.5 0.030903
1367 0.030855
1367.5 0.030806
1368 0.030758
1368.5 0.030710
1369 0.030662
1369.5 0.030613
1370 0.030566
1370.5 0.030518
1371 0.030470
1371.5 0.030422
1372 0.030375
1372.5 0.030327
1373 0.030280
1373.5 0.030233
1374 0.030186
1374.5 0.030139
1375 0.030092
1375.5 0.030045
1376 0.029998
1376.5 0.029952
1377 0.029905
1377.5 0.029859
1378 0.029813
1378.5 0.029766
1379 0.029720
1379.5 0.029674
1380 0.029629
1380.5 0.029583
1381 0.029537
1381.5 0.029492
1382 0.029446
1382.5 0.029401
1383 0.029356
1383.5 0.029310
1384 0.029265
1384.5 0.029220
1385 0.029176
1385.5 0.029131
1386 0.029086
1386.5 0.029042
1387 0.028997
1387.5 0.028953
1388 0.028909
1388.5 0.028865
1389 0.028821
1389.5 0.028777
1390 0.028733
1390.5 0.028689
1391 0.028645
1391.5 0.028602
1392 0.028558
1392.5 0.028515
1393 0.028472
1393.5 0.028429
1394 0.028386
1394.5 0.028343
1395 0.028300
1395.5 0.028257
1396 0.028214
1396.5 0.028172
1397 0.028129
1397.5 0.028087
1398 0.028045
1398.5 0.028003
1399 0.027960
1399.5 0.027918
1400 0.027877
1400.5 0.027835
1401 0.027793
1401.5 0.027751
1402 0.027710
1402.5 0.027669
1403 0.027627
1403.5 0.027586
1404 0.027545
1404.5 0.027504
1405 0.027463
1405.5 0.027422
1406 0.027381
1406.5 0.027341
1407 0.027300
1407.5 0.027260
1408 0.027219
1408.5 0.027179
1409 0.027139
1409.5 0.027099
1410 0.027059
1410.5 0.027019
1411 0.026979
1411.5 0.026939
1412 0.026900
1412.5 0.026860
1413 0.026821
1413.5 0.026781
1414 0.026742
1414.5 0.026703
1415 0.026664
1415.5 0.026625
1416 0.026586
1416.5 0.026547
1417 0.026508
1417.5 0.026470
1418 0.026431
1418.5 0.026393
1419 0.026354
1419.5 0.026316
1420 0.026278
1420.5 0.026240
1421 0.026202
1421.5 0.026164
1422 0.026126
1422.5 0.026088
1423 0.026050
1423.5 0.026013
1424 0.025975
1424.5 0.025938
1425 0.025901
1425.5 0.025863
1426 0.025826
1426.5 0.025789
1427 0.025752
1427.5 0.025715
1428 0.025679
1428.5 0.025642
1429 0.025605
1429.5 0.025569
1430 0.025532
1430.5 0.025426
1431 0.025362
1431.5 0.025384
1432 0.025474
1432.5 0.025570
1433 0.025586
1433.5 0.025536
1434 0.025463
1434.5 0.025380
1435 0.025283
1435.5 0.025182
1436 0.025095
1436.5 0.025037
1437 0.025004
1437.5 0.024978
1438 0.024954
1438.5 0.024940
1439 0.024936
1439.5 0.024940
1440 0.024953
1440.5 0.024976
1441 0.024993
1441.5 0.024978
1442 0.024918
1442.5 0.024830
1443 0.024738
1443.5 0.024637
1444 0.024527
1444.5 0.024421
1445 0.024341
1445.5 0.024303
1446 0.024296
1446.5 0.024301
1447 0.024311
1447.5 0.024313
1448 0.024288
1448.5 0.024230
1449 0.024150
1449.5 0.024075
1450 0.023934
1450.5 0.023989
1451 0.024064
1451.5 0.024083
1452 0.024055
1452.5 0.024021
1453 0.024005
1453.5 0.024009
1454 0.024036
1454.5 0.024090
1455 0.024144
1455.5 0.024142
1456 0.024040
1456.5 0.023838
1457 0.023577
1457.5 0.023308
1458 0.023085
1458.5 0.022953
1459 0.022942
1459.5 0.023052
1460 0.023239
1460.5 0.023426
1461 0.023533
1461.5 0.023524
1462 0.023422
1462.5 0.023282
1463 0.023157
1463.5 0.023078
1464 0.023047
1464.5 0.023043
1465 0.023029
1465.5 0.022975
1466 0.022877
1466.5 0.022763
1467 0.022691
1467.5 0.022693
1468 0.022768
1468.5 0.022898
1469 0.023053
1469.5 0.023203
1470 0.023314
1470.5 0.023329
1471 0.023208
1471.5 0.023002
1472 0.022777
1472.5 0.022596
1473 0.022480
1473.5 0.022405
1474 0.022339
1474.5 0.022272
1475 0.022210
1475.5 0.022171
1476 0.022161
1476.5 0.022169
1477 0.022171
1477.5 0.022150
1478 0.022093
1478.5 0.022018
1479 0.021950
1479.5 0.021926
1480 0.021975
1480.5 0.022097
1481 0.022257
1481.5 0.022394
1482 0.022451
1482.5 0.022400
1483 0.022237
1483.5 0.022065
1484 0.021890
1484.5 0.021560
1485 0.021208
1485.5 0.020986
1486 0.020967
1486.5 0.021144
1487 0.021454
1487.5 0.021792
1488 0.022054
1488.5 0.022155
1489 0.022102
1489.5 0.021737
1490 0.021252
1490.5 0.020804
1491 0.020607
1491.5 0.020626
1492 0.020829
1492.5 0.021128
1493 0.021409
1493.5 0.021582
1494 0.021603
1494.5 0.021485
1495 0.021293
1495.5 0.021115
1496 0.021020
1496.5 0.021036
1497 0.021133
1497.5 0.021237
1498 0.021254
1498.5 0.021113
1499 0.021005
1499.5 0.020888
1500 0.020756
1500.5 0.020727
1501 0.020761
1501.5 0.020806
1502 0.020804
1502.5 0.020782
1503 0.020682
1503.5 0.020543
1504 0.020410
1504.5 0.020337
1505 0.020359
1505.5 0.020488
1506 0.020617
1506.5 0.020613
1507 0.020572
1507.5 0.020544
1508 0.020538
1508.5 0.020456
1509 0.020298
1509.5 0.020102
1510 0.019932
1510.5 0.019841
1511 0.019852
1511.5 0.019956
1512 0.020117
1512.5 0.020288
1513 0.020419
1513.5 0.020487
1514 0.020480
1514.5 0.020410
1515 0.020318
1515.5 0.020226
1516 0.020155
1516.5 0.020111
1517 0.020087
1517.5 0.020072
1518 0.020050
1518.5 0.020010
1519 0.019948
1519.5 0.019865
1520 0.019768
1520.5 0.019675
1521 0.019602
1521.5 0.019566
1522 0.019576
1522.5 0.019629
1523 0.019713
1523.5 0.019795
1524 0.019841
1524.5 0.019827
1525 0.019752
1525.5 0.019636
1526 0.019511
1526.5 0.019423
1527 0.019401
1527.5 0.019444
1528 0.019534
1528.5 0.019631
1529 0.019692
1529.5 0.019682
1530 0.019595
1530.5 0.019457
1531 0.019311
1531.5 0.019205
1532 0.019168
1532.5 0.019201
1533 0.019271
1533.5 0.019326
1534 0.019313
1534.5 0.019207
1535 0.019019
1535.5 0.018799
1536 0.018622
1536.5 0.018557
1537 0.018613
1537.5 0.018769
1538 0.018982
1538.5 0.019191
1539 0.019342
1539.5 0.019361
1540 0.019272
1540.5 0.019087
1541 0.018861
1541.5 0.018651
1542 0.018498
1542.5 0.018418
1543 0.018401
1543.5 0.018424
1544 0.018460
1544.5 0.018489
1545 0.018508
1545.5 0.018523
1546 0.018546
1546.5 0.018587
1547 0.018642
1547.5 0.018694
1548 0.018720
1548.5 0.018699
1549 0.018625
1549.5 0.018498
1550 0.018329
1550.5 0.018223
1551 0.018167
1551.5 0.018158
1552 0.018189
1552.5 0.018234
1553 0.018257
1553.5 0.018251
1554 0.018211
1554.5 0.018144
1555 0.018066
1555.5 0.017992
1556 0.017934
1556.5 0.017898
1557 0.017884
1557.5 0.017889
1558 0.017907
1558.5 0.017937
1559 0.017982
1559.5 0.018031
1560 0.018072
1560.5 0.018098
1561 0.018099
1561.5 0.018070
1562 0.018010
1562.5 0.017926
1563 0.017829
1563.5 0.017715
1564 0.017608
1564.5 0.017523
1565 0.017465
1565.5 0.017452
1566 0.017478
1566.5 0.017480
1567 0.017450
1567.5 0.017382
1568 0.017313
1568.5 0.017238
1569 0.017169
1569.5 0.017106
1570 0.017035
1570.5 0.016945
1571 0.016852
1571.5 0.016773
1572 0.016731
1572.5 0.016750
1573 0.016848
1573.5 0.017009
1574 0.017202
1574.5 0.017742
1575 0.018084
1575.5 0.017947
1576 0.018060
1576.5 0.018020
1577 0.018014
1577.5 0.017814
1578 0.017794
1578.5 0.017714
1579 0.017582
1579.5 0.017569
1580 0.017395
1580.5 0.017421
1581 0.017428
1581.5 0.017500
1582 0.017581
1582.5 0.017627
1583 0.017661
1583.5 0.017687
1584 0.017625
1584.5 0.017500
1585 0.017438
1585.5 0.017279
1586 0.017106
1586.5 0.017053
1587 0.016989
1587.5 0.016962
1588 0.016909
1588.5 0.016866
1589 0.016882
1589.5 0.016815
1590 0.016830
1590.5 0.016841
1591 0.016907
1591.5 0.016826
1592 0.016757
1592.5 0.016771
1593 0.016741
1593.5 0.016749
1594 0.016809
1594.5 0.016857
1595 0.016962
1595.5 0.016940
1596 0.016865
1596.5 0.016804
1597 0.016737
1597.5 0.016707
1598 0.016635
1598.5 0.016512
1599 0.016569
1599.5 0.016561
1600 0.016483
1600.5 0.016532
1601 0.016562
1601.5 0.016398
1602 0.016415
1602.5 0.016480
1603 0.016335
1603.5 0.016413
1604 0.016377
1604.5 0.016403
1605 0.016450
1605.5 0.016423
1606 0.016357
1606.5 0.016297
1607 0.016225
1607.5 0.016142
1608 0.016079
1608.5 0.015964
1609 0.015789
1609.5 0.015841
1610 0.015757
1610.5 0.015606
1611 0.015554
1611.5 0.015550
1612 0.015627
1612.5 0.015791
1613 0.015840
1613.5 0.015824
1614 0.015810
1614.5 0.015858
1615 0.015868
1615.5 0.015831
1616 0.015822
1616.5 0.015832
1617 0.015789
1617.5 0.015712
1618 0.015709
1618.5 0.015706
1619 0.015720
1619.5 0.015661
1620 0.015696
1620.5 0.015785
1621 0.015746
1621.5 0.015663
1622 0.015651
1622.5 0.015627
1623 0.015609
1623.5 0.015454
1624 0.015383
1624.5 0.015246
1625 0.015194
1625.5 0.015174
1626 0.015108
1626.5 0.015148
1627 0.015100
1627.5 0.015111
1628 0.015116
1628.5 0.015175
1629 0.015106
1629.5 0.015053
1630 0.015114
1630.5 0.015192
1631 0.015255
1631.5 0.015293
1632 0.015305
1632.5 0.015274
1633 0.015274
1633.5 0.015156
1634 0.015144
1634.5 0.015090
1635 0.015002
1635.5 0.015072
1636 0.015129
1636.5 0.015113
1637 0.015074
1637.5 0.015054
1638 0.015050
1638.5 0.014989
1639 0.014889
1639.5 0.014792
1640 0.014703
1640.5 0.014619
1641 0.014543
1641.5 0.014866
1642 0.014898
1642.5 0.014936
1643 0.014988
1643.5 0.015052
1644 0.015112
1644.5 0.015148
1645 0.015152
1645.5 0.015104
1646 0.015013
1646.5 0.014917
1647 0.014829
1647.5 0.014757
1648 0.014707
1648.5 0.014673
1649 0.014657
1649.5 0.014646
1650 0.014636
1650.5 0.014624
1651 0.014612
1651.5 0.014602
1652 0.014599
1652.5 0.014605
1653 0.014620
1653.5 0.014641
1654 0.014660
1654.5 0.014669
1655 0.014657
1655.5 0.014618
1656 0.014555
1656.5 0.014473
1657 0.014385
1657.5 0.014302
1658 0.014234
1658.5 0.014188
1659 0.014166
1659.5 0.014160
1660 0.014194
1660.5 0.014236
1661 0.014265
1661.5 0.014260
1662 0.014210
1662.5 0.014115
1663 0.013988
1663.5 0.013847
1664 0.013716
1664.5 0.013618
1665 0.013566
1665.5 0.013567
1666 0.013615
1666.5 0.013692
1667 0.013780
1667.5 0.013858
1668 0.013906
1668.5 0.013935
1669 0.013958
1669.5 0.013926
1670 0.013805
1670.5 0.013718
1671 0.013678
1671.5 0.013688
1672 0.013745
1672.5 0.013834
1673 0.013935
1673.5 0.014026
1674 0.014089
1674.5 0.014112
1675 0.014092
1675.5 0.014026
1676 0.013950
1676.5 0.013874
1677 0.013803
1677.5 0.013739
1678 0.013688
1678.5 0.013629
1679 0.013525
1679.5 0.013459
1680 0.013396
1680.5 0.013335
1681 0.013288
1681.5 0.013266
1682 0.013278
1682.5 0.013328
1683 0.013412
1683.5 0.013515
1684 0.013617
1684.5 0.013700
1685 0.013730
1685.5 0.013713
1686 0.013678
1686.5 0.013640
1687 0.013598
1687.5 0.013559
1688 0.013529
1688.5 0.013509
1689 0.013501
1689.5 0.013500
1690 0.013495
1690.5 0.013479
1691 0.013445
1691.5 0.013391
1692 0.013321
1692.5 0.013243
1693 0.013165
1693.5 0.013103
1694 0.013067
1694.5 0.013060
1695 0.013079
1695.5 0.013105
1696 0.013127
1696.5 0.013130
1697 0.013100
1697.5 0.013029
1698 0.012918
1698.5 0.012775
1699 0.012619
1699.5 0.012471
1700 0.012357
1700.5 0.012294
1701 0.012293
1701.5 0.012353
1702 0.012462
1702.5 0.012598
1703 0.012736
1703.5 0.012854
1704 0.012935
1704.5 0.012971
1705 0.012966
1705.5 0.012929
1706 0.012878
1706.5 0.012831
1707 0.012803
1707.5 0.012805
1708 0.012835
1708.5 0.012879
1709 0.012925
1709.5 0.012966
1710 0.012993
1710.5 0.012997
1711 0.012977
1711.5 0.012935
1712 0.012877
1712.5 0.012809
1713 0.012740
1713.5 0.012681
1714 0.012637
1714.5 0.012593
1715 0.012552
1715.5 0.012523
1716 0.012510
1716.5 0.012510
1717 0.012524
1717.5 0.012549
1718 0.012585
1718.5 0.012629
1719 0.012679
1719.5 0.012729
1720 0.012773
1720.5 0.012806
1721 0.012824
1721.5 0.012813
1722 0.012773
1722.5 0.012711
1723 0.012637
1723.5 0.012565
1724 0.012505
1724.5 0.012462
1725 0.012448
1725.5 0.012461
1726 0.012488
1726.5 0.012525
1727 0.012562
1727.5 0.012573
1728 0.012551
1728.5 0.012512
1729 0.012471
1729.5 0.012435
1730 0.012415
1730.5 0.012407
1731 0.012404
1731.5 0.012398
1732 0.012382
1732.5 0.012349
1733 0.012297
1733.5 0.012229
1734 0.012150
1734.5 0.012069
1735 0.011998
1735.5 0.011945
1736 0.011919
1736.5 0.011921
1737 0.011949
1737.5 0.011995
1738 0.012060
1738.5 0.012149
1739 0.012213
1739.5 0.012256
1740 0.012283
1740.5 0.012285
1741 0.012274
1741.5 0.012264
1742 0.012195
1742.5 0.012113
1743 0.012054
1743.5 0.012025
1744 0.012030
1744.5 0.012066
1745 0.012121
1745.5 0.012178
1746 0.012217
1746.5 0.012220
1747 0.012175
1747.5 0.012085
1748 0.011960
1748.5 0.011819
1749 0.011685
1749.5 0.011578
1750 0.011512
1750.5 0.011496
1751 0.011530
1751.5 0.011607
1752 0.011709
1752.5 0.011820
1753 0.011916
1753.5 0.011977
1754 0.011989
1754.5 0.011949
1755 0.011862
1755.5 0.011740
1756 0.011604
1756.5 0.011474
1757 0.011365
1757.5 0.011290
1758 0.011270
1758.5 0.011289
1759 0.011340
1759.5 0.011417
1760 0.011503
1760.5 0.011583
1761 0.011645
1761.5 0.011677
1762 0.011675
1762.5 0.011636
1763 0.011565
1763.5 0.011470
1764 0.011362
1764.5 0.011254
1765 0.011159
1765.5 0.011087
1766 0.011046
1766.5 0.011036
1767 0.011056
1767.5 0.011099
1768 0.011156
1768.5 0.011216
1769 0.011268
1769.5 0.011304
1770 0.011318
1770.5 0.011308
1771 0.011275
1771.5 0.011227
1772 0.011172
1772.5 0.011118
1773 0.011075
1773.5 0.011050
1774 0.011040
1774.5 0.011050
1775 0.011076
1775.5 0.011103
1776 0.011125
1776.5 0.011136
1777 0.011128
1777.5 0.011102
1778 0.011061
1778.5 0.011013
1779 0.010967
1779.5 0.010933
1780 0.010918
1780.5 0.010926
1781 0.010956
1781.5 0.011003
1782 0.011059
1782.5 0.011113
1783 0.011155
1783.5 0.011176
1784 0.011171
1784.5 0.011140
1785 0.011087
1785.5 0.011027
1786 0.010932
1786.5 0.010830
1787 0.010774
1787.5 0.010757
1788 0.010757
1788.5 0.010768
1789 0.010782
1789.5 0.010792
1790 0.010793
1790.5 0.010784
1791 0.010766
1791.5 0.010742
1792 0.010720
1792.5 0.010705
1793 0.010703
1793.5 0.010711
1794 0.010725
1794.5 0.010738
1795 0.010744
1795.5 0.010739
1796 0.010721
1796.5 0.010689
1797 0.010646
1797.5 0.010596
1798 0.010544
1798.5 0.010501
1799 0.010481
1799.5 0.010472
1800 0.010464
1800.5 0.010450
1801 0.010429
1801.5 0.010424
1802 0.010438
1802.5 0.010457
1803 0.010471
1803.5 0.010477
1804 0.010473
1804.5 0.010460
1805 0.010436
1805.5 0.010403
1806 0.010365
1806.5 0.010326
1807 0.010290
1807.5 0.010262
1808 0.010244
1808.5 0.010235
1809 0.010234
1809.5 0.010240
1810 0.010248
1810.5 0.010254
1811 0.010257
1811.5 0.010253
1812 0.010239
1812.5 0.010216
1813 0.010185
1813.5 0.010148
1814 0.010112
1814.5 0.010080
1815 0.010055
1815.5 0.010039
1816 0.010028
1816.5 0.010022
1817 0.010018
1817.5 0.010014
1818 0.010009
1818.5 0.010000
1819 0.009986
1819.5 0.009967
1820 0.009943
1820.5 0.009920
1821 0.009900
1821.5 0.009887
1822 0.009880
1822.5 0.009876
1823 0.009875
1823.5 0.009873
1824 0.009870
1824.5 0.009865
1825 0.009857
1825.5 0.009845
1826 0.009828
1826.5 0.009808
1827 0.009783
1827.5 0.009754
1828 0.009727
1828.5 0.009703
1829 0.009686
1829.5 0.009674
1830 0.009665
1830.5 0.009659
1831 0.009652
1831.5 0.009645
1832 0.009637
1832.5 0.009627
1833 0.009616
1833.5 0.009605
1834 0.009593
1834.5 0.009580
1835 0.009567
1835.5 0.009553
1836 0.009535
1836.5 0.009514
1837 0.009488
1837.5 0.009457
1838 0.009422
1838.5 0.009386
1839 0.009355
1839.5 0.009337
1840 0.009339
1840.5 0.009362
1841 0.009399
1841.5 0.009438
1842 0.009471
1842.5 0.009493
1843 0.009503
1843.5 0.009501
1844 0.009490
1844.5 0.009471
1845 0.009444
1845.5 0.009407
1846 0.009361
1846.5 0.009310
1847 0.009258
1847.5 0.009217
1848 0.009203
1848.5 0.009222
1849 0.009263
1849.5 0.009307
1850 0.009337
1850.5 0.009350
1851 0.009347
1851.5 0.009330
1852 0.009303
1852.5 0.009267
1853 0.009223
1853.5 0.009177
1854 0.009131
1854.5 0.009093
1855 0.009071
1855.5 0.009070
1856 0.009089
1856.5 0.009123
1857 0.009160
1857.5 0.009190
1858 0.009207
1858.5 0.009208
1859 0.009192
1859.5 0.009161
1860 0.009120
1860.5 0.009074
1861 0.009030
1861.5 0.008997
1862 0.008979
1862.5 0.008975
1863 0.008983
1863.5 0.008996
1864 0.009009
1864.5 0.009017
1865 0.009018
1865.5 0.009009
1866 0.008986
1866.5 0.008945
1867 0.008881
1867.5 0.008788
1868 0.008661
1868.5 0.008504
1869 0.008342
1869.5 0.008231
1870 0.008219
1870.5 0.008315
1871 0.008474
1871.5 0.008643
1872 0.008789
1872.5 0.008905
1873 0.008991
1873.5 0.009047
1874 0.009067
1874.5 0.009044
1875 0.008977
1875.5 0.008883
1876 0.008792
1876.5 0.008727
1877 0.008695
1877.5 0.008685
1878 0.008688
1878.5 0.008697
1879 0.008707
1879.5 0.008715
1880 0.008722
1880.5 0.008727
1881 0.008729
1881.5 0.008726
1882 0.008721
1882.5 0.008711
1883 0.008697
1883.5 0.008682
1884 0.008668
1884.5 0.008657
1885 0.008649
1885.5 0.008643
1886 0.008639
1886.5 0.008634
1887 0.008630
1887.5 0.008625
1888 0.008619
1888.5 0.008613
1889 0.008606
1889.5 0.008599
1890 0.008593
1890.5 0.008588
1891 0.008583
1891.5 0.008580
1892 0.008577
1892.5 0.008572
1893 0.008566
1893.5 0.008559
1894 0.008550
1894.5 0.008540
1895 0.008528
1895.5 0.008513
1896 0.008497
1896.5 0.008476
1897 0.008450
1897.5 0.008417
1898 0.008378
1898.5 0.008334
1899 0.008292
1899.5 0.008256
1900 0.008232
1900.5 0.008217
1901 0.008209
1901.5 0.008204
1902 0.008200
1902.5 0.008194
1903 0.008187
1903.5 0.008179
1904 0.008170
1904.5 0.008161
1905 0.008156
1905.5 0.008153
1906 0.008154
1906.5 0.008155
1907 0.008156
1907.5 0.008153
1908 0.008148
1908.5 0.008140
1909 0.008128
1909.5 0.008114
1910 0.008096
1910.5 0.008076
1911 0.008054
1911.5 0.008030
1912 0.008008
1912.5 0.007992
1913 0.007988
1913.5 0.007996
1914 0.008013
1914.5 0.008034
1915 0.008052
1915.5 0.008064
1916 0.008072
1916.5 0.008075
1917 0.008074
1917.5 0.008071
1918 0.008066
1918.5 0.008059
1919 0.008051
1919.5 0.008042
1920 0.008031
1920.5 0.008019
1921 0.008007
1921.5 0.007996
1922 0.007986
1922.5 0.007978
1923 0.007972
1923.5 0.007966
1924 0.007961
1924.5 0.007957
1925 0.007952
1925.5 0.007946
1926 0.007939
1926.5 0.007930
1927 0.007918
1927.5 0.007904
1928 0.007886
1928.5 0.007866
1929 0.007846
1929.5 0.007828
1930 0.007813
1930.5 0.007804
1931 0.007799
1931.5 0.007798
1932 0.007799
1932.5 0.007801
1933 0.007804
1933.5 0.007807
1934 0.007808
1934.5 0.007806
1935 0.007801
1935.5 0.007792
1936 0.007778
1936.5 0.007759
1937 0.007738
1937.5 0.007717
1938 0.007697
1938.5 0.007681
1939 0.007671
1939.5 0.007666
1940 0.007668
1940.5 0.007674
1941 0.007685
1941.5 0.007697
1942 0.007710
1942.5 0.007720
1943 0.007725
1943.5 0.007724
1944 0.007715
1944.5 0.007699
1945 0.007677
1945.5 0.007651
1946 0.007623
1946.5 0.007597
1947 0.007575
1947.5 0.007557
1948 0.007546
1948.5 0.007539
1949 0.007535
1949.5 0.007542
1950 0.007545
1950.5 0.007513
1951 0.007596
1951.5 0.007800
1952 0.007845
1952.5 0.007790
1953 0.007764
1953.5 0.007728
1954 0.007672
1954.5 0.007607
1955 0.007535
1955.5 0.007461
1956 0.007399
1956.5 0.007356
1957 0.007340
1957.5 0.007347
1958 0.007371
1958.5 0.007404
1959 0.007437
1959.5 0.007467
1960 0.007490
1960.5 0.007506
1961 0.007513
1961.5 0.007511
1962 0.007503
1962.5 0.007485
1963 0.007458
1963.5 0.007426
1964 0.007393
1964.5 0.007359
1965 0.007330
1965.5 0.007307
1966 0.007291
1966.5 0.007281
1967 0.007274
1967.5 0.007270
1968 0.007272
1968.5 0.007284
1969 0.007305
1969.5 0.007334
1970 0.007369
1970.5 0.007407
1971 0.007445
1971.5 0.007479
1972 0.007505
1972.5 0.007521
1973 0.007525
1973.5 0.007517
1974 0.007500
1974.5 0.007476
1975 0.007449
1975.5 0.007423
1976 0.007397
1976.5 0.007375
1977 0.007355
1977.5 0.007339
1978 0.007325
1978.5 0.007315
1979 0.007305
1979.5 0.007297
1980 0.007287
1980.5 0.007274
1981 0.007259
1981.5 0.007241
1982 0.007221
1982.5 0.007201
1983 0.007181
1983.5 0.007165
1984 0.007154
1984.5 0.007149
1985 0.007148
1985.5 0.007154
1986 0.007166
1986.5 0.007183
1987 0.007204
1987.5 0.007227
1988 0.007247
1988.5 0.007262
1989 0.007270
1989.5 0.007269
1990 0.007260
1990.5 0.007244
1991 0.007223
1991.5 0.007200
1992 0.007177
1992.5 0.007155
1993 0.007138
1993.5 0.007123
1994 0.007110
1994.5 0.007099
1995 0.007090
1995.5 0.007082
1996 0.007079
1996.5 0.007080
1997 0.007081
1997.5 0.007079
1998 0.007070
1998.5 0.007054
1999 0.007031
1999.5 0.007003
2000 0.006969
2000.5 0.006934
2001 0.006900
2001.5 0.006874
2002 0.006863
2002.5 0.006876
2003 0.006917
2003.5 0.006979
2004 0.007050
2004.5 0.007114
2005 0.007151
2005.5 0.007154
2006 0.007140
2006.5 0.007114
2007 0.007078
2007.5 0.007038
2008 0.006999
2008.5 0.006962
2009 0.006931
2009.5 0.006906
2010 0.006889
2010.5 0.006881
2011 0.006886
2011.5 0.006901
2012 0.006922
2012.5 0.006947
2013 0.006967
2013.5 0.006978
2014 0.006976
2014.5 0.006958
2015 0.006926
2015.5 0.006884
2016 0.006836
2016.5 0.006786
2017 0.006739
2017.5 0.006698
2018 0.006666
2018.5 0.006643
2019 0.006629
2019.5 0.006625
2020 0.006627
2020.5 0.006635
2021 0.006645
2021.5 0.006655
2022 0.006665
2022.5 0.006673
2023 0.006680
2023.5 0.006683
2024 0.006681
2024.5 0.006677
2025 0.006675
2025.5 0.006677
2026 0.006682
2026.5 0.006691
2027 0.006703
2027.5 0.006717
2028 0.006731
2028.5 0.006743
2029 0.006752
2029.5 0.006758
2030 0.006759
2030.5 0.006757
2031 0.006750
2031.5 0.006741
2032 0.006730
2032.5 0.006718
2033 0.006706
2033.5 0.006694
2034 0.006683
2034.5 0.006671
2035 0.006660
2035.5 0.006648
2036 0.006634
2036.5 0.006616
2037 0.006594
2037.5 0.006567
2038 0.006535
2038.5 0.006499
2039 0.006462
2039.5 0.006425
2040 0.006391
2040.5 0.006363
2041 0.006343
2041.5 0.006332
2042 0.006332
2042.5 0.006342
2043 0.006360
2043.5 0.006385
2044 0.006415
2044.5 0.006445
2045 0.006472
2045.5 0.006494
2046 0.006509
2046.5 0.006514
2047 0.006510
2047.5 0.006496
2048 0.006473
2048.5 0.006443
2049 0.006409
2049.5 0.006373
2050 0.006339
2050.5 0.006311
2051 0.006289
2051.5 0.006277
2052 0.006274
2052.5 0.006280
2053 0.006290
2053.5 0.006303
2054 0.006314
2054.5 0.006319
2055 0.006316
2055.5 0.006303
2056 0.006281
2056.5 0.006252
2057 0.006221
2057.5 0.006189
2058 0.006162
2058.5 0.006141
2059 0.006128
2059.5 0.006124
2060 0.006128
2060.5 0.006140
2061 0.006157
2061.5 0.006179
2062 0.006201
2062.5 0.006221
2063 0.006236
2063.5 0.006244
2064 0.006243
2064.5 0.006230
2065 0.006208
2065.5 0.006177
2066 0.006141
2066.5 0.006104
2067 0.006070
2067.5 0.006043
2068 0.006026
2068.5 0.006019
2069 0.006024
2069.5 0.006038
2070 0.006059
2070.5 0.006086
2071 0.006113
2071.5 0.006140
2072 0.006163
2072.5 0.006175
2073 0.006177
2073.5 0.006170
2074 0.006153
2074.5 0.006128
2075 0.006097
2075.5 0.006064
2076 0.006032
2076.5 0.006003
2077 0.005980
2077.5 0.005965
2078 0.005958
2078.5 0.005958
2079 0.005964
2079.5 0.005975
2080 0.005989
2080.5 0.006002
2081 0.006014
2081.5 0.006021
2082 0.006023
2082.5 0.006017
2083 0.006004
2083.5 0.005985
2084 0.005960
2084.5 0.005932
2085 0.005903
2085.5 0.005876
2086 0.005853
2086.5 0.005836
2087 0.005825
2087.5 0.005821
2088 0.005824
2088.5 0.005832
2089 0.005845
2089.5 0.005859
2090 0.005874
2090.5 0.005886
2091 0.005895
2091.5 0.005897
2092 0.005894
2092.5 0.005883
2093 0.005865
2093.5 0.005842
2094 0.005814
2094.5 0.005784
2095 0.005752
2095.5 0.005721
2096 0.005694
2096.5 0.005670
2097 0.005651
2097.5 0.005637
2098 0.005629
2098.5 0.005626
2099 0.005629
2099.5 0.005636
2100 0.005648
2100.5 0.005662
2101 0.005679
2101.5 0.005697
2102 0.005715
2102.5 0.005732
2103 0.005748
2103.5 0.005761
2104 0.005771
2104.5 0.005777
2105 0.005779
2105.5 0.005776
2106 0.005768
2106.5 0.005754
2107 0.005735
2107.5 0.005711
2108 0.005683
2108.5 0.005651
2109 0.005617
2109.5 0.005583
2110 0.005550
2110.5 0.005519
2111 0.005491
2111.5 0.005469
2112 0.005452
2112.5 0.005442
2113 0.005438
2113.5 0.005441
2114 0.005450
2114.5 0.005464
2115 0.005482
2115.5 0.005502
2116 0.005523
2116.5 0.005545
2117 0.005564
2117.5 0.005581
2118 0.005594
2118.5 0.005602
2119 0.005607
2119.5 0.005609
2120 0.005605
2120.5 0.005598
2121 0.005590
2121.5 0.005580
2122 0.005570
2122.5 0.005558
2123 0.005547
2123.5 0.005534
2124 0.005522
2124.5 0.005508
2125 0.005494
2125.5 0.005479
2126 0.005462
2126.5 0.005444
2127 0.005424
2127.5 0.005404
2128 0.005391
2128.5 0.005383
2129 0.005377
2129.5 0.005374
2130 0.005375
2130.5 0.005379
2131 0.005386
2131.5 0.005397
2132 0.005410
2132.5 0.005425
2133 0.005439
2133.5 0.005452
2134 0.005461
2134.5 0.005466
2135 0.005466
2135.5 0.005459
2136 0.005446
2136.5 0.005428
2137 0.005406
2137.5 0.005382
2138 0.005357
2138.5 0.005334
2139 0.005314
2139.5 0.005300
2140 0.005293
2140.5 0.005292
2141 0.005299
2141.5 0.005313
2142 0.005332
2142.5 0.005355
2143 0.005380
2143.5 0.005405
2144 0.005426
2144.5 0.005438
2145 0.005442
2145.5 0.005438
2146 0.005424
2146.5 0.005402
2147 0.005373
2147.5 0.005338
2148 0.005302
2148.5 0.005265
2149 0.005232
2149.5 0.005204
2150 0.005184
2150.5 0.005172
2151 0.005170
2151.5 0.005177
2152 0.005191
2152.5 0.005210
2153 0.005233
2153.5 0.005255
2154 0.005274
2154.5 0.005288
2155 0.005294
2155.5 0.005292
2156 0.005283
2156.5 0.005267
2157 0.005244
2157.5 0.005215
2158 0.005187
2158.5 0.005162
2159 0.005137
2159.5 0.005106
2160 0.005072
2160.5 0.005037
2161 0.005003
2161.5 0.004972
2162 0.004944
2162.5 0.004922
2163 0.004905
2163.5 0.004894
2164 0.004886
2164.5 0.004881
2165 0.004879
2165.5 0.004879
2166 0.004879
2166.5 0.004881
2167 0.004884
2167.5 0.004888
2168 0.004894
2168.5 0.004902
2169 0.004914
2169.5 0.004931
2170 0.004952
2170.5 0.004969
2171 0.004983
2171.5 0.004999
2172 0.005013
2172.5 0.005023
2173 0.005032
2173.5 0.005041
2174 0.005051
2174.5 0.005058
2175 0.005062
2175.5 0.005063
2176 0.005059
2176.5 0.005051
2177 0.005040
2177.5 0.005025
2178 0.005009
2178.5 0.004992
2179 0.004976
2179.5 0.004961
2180 0.004950
2180.5 0.004941
2181 0.004936
2181.5 0.004933
2182 0.004934
2182.5 0.004936
2183 0.004941
2183.5 0.004946
2184 0.004950
2184.5 0.004952
2185 0.004952
2185.5 0.004950
2186 0.004944
2186.5 0.004936
2187 0.004925
2187.5 0.004912
2188 0.004899
2188.5 0.004885
2189 0.004873
2189.5 0.004861
2190 0.004852
2190.5 0.004846
2191 0.004842
2191.5 0.004840
2192 0.004841
2192.5 0.004843
2193 0.004847
2193.5 0.004851
2194 0.004855
2194.5 0.004857
2195 0.004858
2195.5 0.004857
2196 0.004853
2196.5 0.004845
2197 0.004834
2197.5 0.004819
2198 0.004804
2198.5 0.004791
2199 0.004780
2199.5 0.004771
2200 0.004764
2200.5 0.004759
2201 0.004755
2201.5 0.004753
2202 0.004752
2202.5 0.004751
2203 0.004752
2203.5 0.004753
2204 0.004755
2204.5 0.004757
2205 0.004759
2205.5 0.004761
2206 0.004762
2206.5 0.004764
2207 0.004767
2207.5 0.004771
2208 0.004774
2208.5 0.004777
2209 0.004778
2209.5 0.004778
2210 0.004777
2210.5 0.004774
2211 0.004770
2211.5 0.004765
2212 0.004758
2212.5 0.004750
2213 0.004740
2213.5 0.004729
2214 0.004718
2214.5 0.004706
2215 0.004693
2215.5 0.004681
2216 0.004668
2216.5 0.004655
2217 0.004643
2217.5 0.004631
2218 0.004620
2218.5 0.004610
2219 0.004601
2219.5 0.004593
2220 0.004586
2220.5 0.004580
2221 0.004577
2221.5 0.004576
2222 0.004576
2222.5 0.004578
2223 0.004582
2223.5 0.004589
2224 0.004597
2224.5 0.004606
2225 0.004617
2225.5 0.004627
2226 0.004637
2226.5 0.004646
2227 0.004653
2227.5 0.004657
2228 0.004658
2228.5 0.004656
2229 0.004650
2229.5 0.004641
2230 0.004629
2230.5 0.004613
2231 0.004595
2231.5 0.004576
2232 0.004557
2232.5 0.004538
2233 0.004520
2233.5 0.004504
2234 0.004491
2234.5 0.004481
2235 0.004475
2235.5 0.004473
2236 0.004473
2236.5 0.004477
2237 0.004482
2237.5 0.004489
2238 0.004496
2238.5 0.004503
2239 0.004509
2239.5 0.004514
2240 0.004517
2240.5 0.004518
2241 0.004517
2241.5 0.004515
2242 0.004512
2242.5 0.004508
2243 0.004503
2243.5 0.004499
2244 0.004496
2244.5 0.004493
2245 0.004491
2245.5 0.004491
2246 0.004491
2246.5 0.004491
2247 0.004492
2247.5 0.004492
2248 0.004490
2248.5 0.004487
2249 0.004482
2249.5 0.004475
2250 0.004465
2250.5 0.004454
2251 0.004440
2251.5 0.004424
2252 0.004408
2252.5 0.004391
2253 0.004374
2253.5 0.004359
2254 0.004345
2254.5 0.004334
2255 0.004325
2255.5 0.004320
2256 0.004317
2256.5 0.004317
2257 0.004318
2257.5 0.004322
2258 0.004326
2258.5 0.004331
2259 0.004336
2259.5 0.004340
2260 0.004344
2260.5 0.004347
2261 0.004349
2261.5 0.004350
2262 0.004350
2262.5 0.004350
2263 0.004350
2263.5 0.004349
2264 0.004349
2264.5 0.004349
2265 0.004349
2265.5 0.004349
2266 0.004349
2266.5 0.004348
2267 0.004347
2267.5 0.004344
2268 0.004340
2268.5 0.004334
2269 0.004325
2269.5 0.004315
2270 0.004302
2270.5 0.004288
2271 0.004273
2271.5 0.004257
2272 0.004242
2272.5 0.004227
2273 0.004215
2273.5 0.004205
2274 0.004197
2274.5 0.004191
2275 0.004190
2275.5 0.004192
2276 0.004197
2276.5 0.004203
2277 0.004210
2277.5 0.004217
2278 0.004224
2278.5 0.004230
2279 0.004234
2279.5 0.004235
2280 0.004233
2280.5 0.004228
2281 0.004220
2281.5 0.004210
2282 0.004197
2282.5 0.004183
2283 0.004169
2283.5 0.004155
2284 0.004143
2284.5 0.004132
2285 0.004124
2285.5 0.004118
2286 0.004116
2286.5 0.004116
2287 0.004119
2287.5 0.004124
2288 0.004129
2288.5 0.004136
2289 0.004142
2289.5 0.004147
2290 0.004151
2290.5 0.004153
2291 0.004153
2291.5 0.004152
2292 0.004148
2292.5 0.004142
2293 0.004136
2293.5 0.004128
2294 0.004120
2294.5 0.004112
2295 0.004105
2295.5 0.004099
2296 0.004095
2296.5 0.004091
2297 0.004089
2297.5 0.004088
2298 0.004088
2298.5 0.004087
2299 0.004087
2299.5 0.004085
2300 0.004083
2300.5 0.004079
2301 0.004073
2301.5 0.004066
2302 0.004057
2302.5 0.004046
2303 0.004035
2303.5 0.004023
2304 0.004012
2304.5 0.004001
2305 0.003991
2305.5 0.003982
2306 0.003976
2306.5 0.003971
2307 0.003968
2307.5 0.003967
2308 0.003967
2308.5 0.003968
2309 0.003968
2309.5 0.003969
2310 0.003968
2310.5 0.003966
2311 0.003963
2311.5 0.003959
2312 0.003952
2312.5 0.003944
2313 0.003935
2313.5 0.003925
2314 0.003915
2314.5 0.003906
2315 0.003898
2315.5 0.003892
2316 0.003888
2316.5 0.003886
2317 0.003888
2317.5 0.003892
2318 0.003898
2318.5 0.003906
2319 0.003915
2319.5 0.003924
2320 0.003933
2320.5 0.003940
2321 0.003946
2321.5 0.003951
2322 0.003952
2322.5 0.003952
2323 0.003949
2323.5 0.003944
2324 0.003937
2324.5 0.003928
2325 0.003919
2325.5 0.003909
2326 0.003899
2326.5 0.003889
2327 0.003881
2327.5 0.003874
2328 0.003868
2328.5 0.003864
2329 0.003862
2329.5 0.003861
2330 0.003861
2330.5 0.003862
2331 0.003862
2331.5 0.003863
2332 0.003864
2332.5 0.003862
2333 0.003859
2333.5 0.003855
2334 0.003849
2334.5 0.003842
2335 0.003833
2335.5 0.003823
2336 0.003813
2336.5 0.003802
2337 0.003792
2337.5 0.003783
2338 0.003774
2338.5 0.003768
2339 0.003763
2339.5 0.003760
2340 0.003758
2340.5 0.003758
2341 0.003759
2341.5 0.003761
2342 0.003763
2342.5 0.003766
2343 0.003767
2343.5 0.003769
2344 0.003769
2344.5 0.003768
2345 0.003765
2345.5 0.003761
2346 0.003755
2346.5 0.003749
2347 0.003741
2347.5 0.003734
2348 0.003726
2348.5 0.003718
2349 0.003712
2349.5 0.003706
2350 0.003702
2350.5 0.003699
2351 0.003698
2351.5 0.003698
2352 0.003700
2352.5 0.003703
2353 0.003708
2353.5 0.003712
2354 0.003718
2354.5 0.003723
2355 0.003728
2355.5 0.003732
2356 0.003735
2356.5 0.003737
2357 0.003737
2357.5 0.003735
2358 0.003732
2358.5 0.003727
2359 0.003721
2359.5 0.003714
2360 0.003705
2360.5 0.003696
2361 0.003687
2361.5 0.003677
2362 0.003667
2362.5 0.003658
2363 0.003650
2363.5 0.003643
2364 0.003637
2364.5 0.003632
2365 0.003629
2365.5 0.003627
2366 0.003627
2366.5 0.003629
2367 0.003633
2367.5 0.003639
2368 0.003646
2368.5 0.003654
2369 0.003663
2369.5 0.003672
2370 0.003681
2370.5 0.003690
2371 0.003696
2371.5 0.003701
2372 0.003703
2372.5 0.003702
2373 0.003698
2373.5 0.003690
2374 0.003680
2374.5 0.003667
2375 0.003652
2375.5 0.003635
2376 0.003617
2376.5 0.003599
2377 0.003581
2377.5 0.003564
2378 0.003548
2378.5 0.003534
2379 0.003521
2379.5 0.003512
2380 0.003505
2380.5 0.003500
2381 0.003499
2381.5 0.003500
2382 0.003503
2382.5 0.003507
2383 0.003513
2383.5 0.003520
2384 0.003526
2384.5 0.003532
2385 0.003537
2385.5 0.003540
2386 0.003541
2386.5 0.003540
2387 0.003537
2387.5 0.003531
2388 0.003523
2388.5 0.003513
2389 0.003502
2389.5 0.003491
2390 0.003479
2390.5 0.003467
2391 0.003457
2391.5 0.003447
2392 0.003439
2392.5 0.003433
2393 0.003430
2393.5 0.003430
2394 0.003431
2394.5 0.003434
2395 0.003439
2395.5 0.003444
2396 0.003451
2396.5 0.003457
2397 0.003463
2397.5 0.003469
2398 0.003474
2398.5 0.003477
2399 0.003480
2399.5 0.003480
2400 0.003480
2400.5 0.003478
2401 0.003475
2401.5 0.003471
2402 0.003467
2402.5 0.003463
2403 0.003459
2403.5 0.003455
2404 0.003452
2404.5 0.003449
2405 0.003447
2405.5 0.003446
2406 0.003446
2406.5 0.003446
2407 0.003446
2407.5 0.003446
2408 0.003446
2408.5 0.003445
2409 0.003443
2409.5 0.003440
2410 0.003435
2410.5 0.003429
2411 0.003421
2411.5 0.003411
2412 0.003400
2412.5 0.003388
2413 0.003375
2413.5 0.003361
2414 0.003347
2414.5 0.003334
2415 0.003321
2415.5 0.003309
2416 0.003299
2416.5 0.003291
2417 0.003286
2417.5 0.003282
2418 0.003281
2418.5 0.003282
2419 0.003286
2419.5 0.003291
2420 0.003297
2420.5 0.003304
2421 0.003312
2421.5 0.003320
2422 0.003327
2422.5 0.003334
2423 0.003340
2423.5 0.003345
2424 0.003348
2424.5 0.003349
2425 0.003348
2425.5 0.003347
2426 0.003345
2426.5 0.003342
2427 0.003337
2427.5 0.003332
2428 0.003326
2428.5 0.003320
2429 0.003314
2429.5 0.003307
2430 0.003300
2430.5 0.003294
2431 0.003287
2431.5 0.003281
2432 0.003275
2432.5 0.003269
2433 0.003264
2433.5 0.003259
2434 0.003255
2434.5 0.003251
2435 0.003247
2435.5 0.003244
2436 0.003242
2436.5 0.003240
2437 0.003238
2437.5 0.003236
2438 0.003235
2438.5 0.003234
2439 0.003233
2439.5 0.003233
2440 0.003233
2440.5 0.003233
2441 0.003233
2441.5 0.003233
2442 0.003233
2442.5 0.003232
2443 0.003231
2443.5 0.003230
2444 0.003228
2444.5 0.003226
2445 0.003222
2445.5 0.003218
2446 0.003214
2446.5 0.003208
2447 0.003202
2447.5 0.003196
2448 0.003190
2448.5 0.003183
2449 0.003177
2449.5 0.003172
2450 0.003167
2450.5 0.003163
2451 0.003160
2451.5 0.003158
2452 0.003157
2452.5 0.003157
2453 0.003157
2453.5 0.003159
2454 0.003161
2454.5 0.003163
2455 0.003166
2455.5 0.003168
2456 0.003170
2456.5 0.003172
2457 0.003173
2457.5 0.003172
2458 0.003172
2458.5 0.003170
2459 0.003167
2459.5 0.003163
2460 0.003158
2460.5 0.003153
2461 0.003147
2461.5 0.003141
2462 0.003134
2462.5 0.003128
2463 0.003123
2463.5 0.003118
2464 0.003113
2464.5 0.003110
2465 0.003107
2465.5 0.003106
2466 0.003105
2466.5 0.003105
2467 0.003106
2467.5 0.003108
2468 0.003110
2468.5 0.003113
2469 0.003115
2469.5 0.003118
2470 0.003120
2470.5 0.003122
2471 0.003123
2471.5 0.003123
2472 0.003123
2472.5 0.003122
2473 0.003120
2473.5 0.003118
2474 0.003116
2474.5 0.003113
2475 0.003111
2475.5 0.003109
2476 0.003107
2476.5 0.003106
2477 0.003105
2477.5 0.003106
2478 0.003106
2478.5 0.003108
2479 0.003110
2479.5 0.003112
2480 0.003114
2480.5 0.003117
2481 0.003120
2481.5 0.003122
2482 0.003123
2482.5 0.003124
2483 0.003124
2483.5 0.003123
2484 0.003121
2484.5 0.003118
2485 0.003114
2485.5 0.003109
2486 0.003102
2486.5 0.003096
2487 0.003089
2487.5 0.003081
2488 0.003074
2488.5 0.003067
2489 0.003061
2489.5 0.003057
2490 0.003055
2490.5 0.003053
2491 0.003053
2491.5 0.003054
2492 0.003056
2492.5 0.003060
2493 0.003063
2493.5 0.003068
2494 0.003073
2494.5 0.003078
2495 0.003080
2495.5 0.003078
2496 0.003079
2496.5 0.003091
2497 0.003103
2497.5 0.003079
2498 0.002989
2498.5 0.002827
2499 0.000000
2499.5 0.000000
2500 0.000000